29
9.7508755423e10 2.96592933e9 1.1180186105e10 4.1357545954e10 2.5881923308e10 7.0853856139e10 8.0406211437e10 1.8374529562e10 6.1592302094e10 5.7282075902e10 1.6542659122e10 9.0688969921e10 4.9284832669e10 1.6896899677e10 8.7690185566e10 8.7446494837e10 4.7107125209e10 4.1692207484e10 9.8788214293e10 9.1767536044e10 8.3551495894e10 6.1241613312e10 9.119382739e9 6.501777023e10 3.8274058486e10 3.0070304636e10 1.2003133331e10 7.1625403427e10 1.8886278064e10
3
6
0.000000e+00 1.000000e+09 1.200000e+09 1.400000e+09 1.600000e+09 2.000000e+09
5.0 6.0 11.0 13.0 17.0 25.0
0
0
0
27 7 28
0
0
18 9
19 27
11
0
0
0
0
0
0
0
0
0
0
3
12 1 7
0
2 10 6 26 18 7 22 20
11
26
0
0
0
7 20
432.304853871
