24
3.9637168046e10 4.6395503918e10 1.624520679e9 6.6318959209e10 8.7111671229e10 7.3311703725e10 1.6331859043e10 1.6243326222e10 6.9962493748e10 3.5006796321e10 1.7411108203e10 5.3308259124e10 2.9576298339e10 4.5216659566e10 2.4403864918e10 6.1197049539e10 9.8487272012e10 4.334285307e9 9.3571107483e10 3.4098927797e10 5.8027024005e10 6.5698373409e10 5.5194114352e10 8.6235940267e10
6
6
0.000000e+00 1.000000e+09 1.200000e+09 1.400000e+09 1.600000e+09 2.000000e+09
5.0 6.0 11.0 13.0 17.0 25.0
11
7
0
0
19
0
21 12
0
0
0
0
0
0
16
21
0
0
24
11
0
9
3 4
12 22
0
183.0188548785
