46
5.9680907329e10 4.75056625e9 4.3182459996e10 4.3187585866e10 3.1476373456e10 3.7968160161e10 6.0895693768e10 9.9856428624e10 3.6188668135e10 1.0190801048e10 2.3484771792e10 1.9708779971e10 9.133064016e9 9.7315288326e10 9.0263186786e10 1.8055851305e10 4.2453102658e10 4.751697643e9 8.2314852146e10 5.4032557215e10 8.2205312067e10 9.8851147492e10 6.9999674378e10 1.727079325e10 5.35703164e10 3.8948172909e10 5.0040012555e10 9.948041624e9 1.3456621424e10 8.686430994e10 7.338591841e9 2.9378250531e10 2.3584805292e10 2.5407105363e10 4.3420824813e10 3.9528109292e10 7.7862551963e10 5.804920136e10 7.761582605e10 1.4674579739e10 7.5373965018e10 5.8735298234e10 2.5941003438e10 6.1420459934e10 9.8095544893e10 3.4327990934e10
6
6
0.000000e+00 1.000000e+09 1.200000e+09 1.400000e+09 1.600000e+09 2.000000e+09
5.0 6.0 11.0 13.0 17.0 25.0
0
0
0
0
0
0
0
0
0
0
0
0
0
0
0
0
0
0
0
19 37
28
0
0
16
0
0
0
0
0
0
0
0
0
26
0
0
0
0
0
0
0
0
0
0
0
0
267.599913403125
